0000010000000000
0000010000000000
0000010000000000
0000010000000000
0000010000000000
0000110000000000
0140110000000000
0190110000000000
00A1110000000000
00C1110000000000
0071110000000000
0000110000000000
0000110000000000
0000110000000000
0040110000000000
0040110000000000
0040110000000000
0060110000000000
0060110000000000
0000110000000000
0000110000000000
0000110000000000
0000110000000000
0000110000000000
0000110000000000
01E1110000000000
0251110000000000
02B1110000000000
0200110000000000
0150110000000000
0090110000000000
0060110000000000
0060110000000000
0060110000000000
0060110000000000
0060110000000000
0040110000000000
0031110000000000
0031110000000000
0031110000000000
0031110000000000
0031110000000000
0030110000000000
0030110000000000
0311110000000000
05B1110000000000
0831110000000000
0851110000000000
0911110000000000
05F1110000000000
0201110000000000
00B1110000000000
00D1110000000000
00D1110000000000
00C1110000000000
00C1110000000000
00C1110000000000
00C1110000000000
00C1110000000000
00C1110000000000
00C1110000000000
00C1110000000000
00C1110000000000
00C1110000000000
00C1110000000000
00C1110000000000
00C1110000000000
00C1110000000000
00C1110000000000
00C1110000000000
00C1110000000000
00C1110000000000
0051110000000000
0041110000000000
0021110000000000
0021110000000000
0021110000000000
0021110000000000
0021110000000000
0021110000000000
0021110000000000
0021110000000000
0021110000000000
0590110000000000
05C0110000000000
05F0110000000000
0620110000000000
0770110000000000
0820110000000000
0910110000000000
0980110000000000
09C0110000000000
0A70110000000000
0B80110000000000
0CA0110000000000
0E90110000000000
0EB0110000000000
01D0110000000000
01A0110000000000
0190110000000000
0180110000000000
0150110000000000
0130110000000000
0110110000000000
0110110000000000
0031110000000000
0031110000000000
0031110000000000
0031110000000000
0031110000000000
0031110000000000
0031110000000000
0031110000000000
0031110000000000
0031110000000000
0031110000000000
0031110000000000
0021110000000000
0021110000000000
0030110000000000
0030110000000000
0040110000000000
0080110000000000
0090110000000000
00A0110000000000
00B0110000000000
00E0110000000000
00F0110000000000
0140110000000000
01E0110000000000
0240110000000000
0250110000000000
0260100000000000
0340100000000000
0361100000000000
03B1100000000000
0401100000000000
0431100000000000
0441100000000000
0491100000000000
0401100000000000
03B1100000000000
0361100000000000
0311100000000000
02D1100000000000
02A1100000000000
0251100000000000
0251100000000000
01F1100000000000
00B1100000000000
00A1100000000000
0081100000000000
0071100000000000
0061100000000000
00A1100000000000
00D1100000000000
0071100000000000
0151100000000000
0131100000000000
0111100000000000
0141100000000000
00A1100000000000
00D1100000000000
0071100000000000
0151100000000000
0131100000000000
0111100000000000
0141100000000000
0111100000000000
0081100000000000
0071100000000000
0071100000000000
0131100000000000
0011100000000000
0031100000000000
0051100000000000
0011100000000000
00D1100000000000
0041100000000000
00F1100000000000
0121100000000000
00C1100000000000
0061100000000000
0041100000000000
00D1100000000000
0141100000000000
0141100000000000
0051100000000000
0041100000000000
0121100000000000
0021100000000000
00B1100000000000
0041100000000000
0081100000000000
0011100000000000
0121100000000000
0041100000000000
0121100000000000
0101100000000000
0061100000000000